0.0
0.099999994
0.199999988
0.3
0.4
0.5
0.6
0.700000048
0.8000001
0.9000001
1.00000012
1.10000014
1.20000017
1.30000007
1.4
1.49999988
1.59999979
1.69999969
1.79999959
1.8999995
1.9999994
2.09999943
2.19999933
2.29999924
2.39999914
2.499999
2.599999
2.69999886
2.79999876
2.89999866
2.99999857
3.09999847
3.19999838
3.29999828
3.39999819
3.499998
3.599998
3.699998
3.79999781
3.89999771
3.99999762
4.09999752
4.19999743
4.29999733
4.399997
4.499997
4.599997
4.699997
4.799997
4.89999676
4.99999666
5.09999657
5.19999647
5.29999638
5.39999628
5.499996
5.599996
5.699996
5.799996
5.899996
5.99999571
6.09999561
6.19999552
6.29999542
6.39999533
6.499995
6.599995
6.699995
6.799995
6.899995
6.99999475
7.09999466
7.19999456
7.29999447
7.39999437
7.49999428
7.599994
7.699994
7.799994
7.899994
7.999994
8.099995
8.199995
8.299995
8.399996
8.499996
8.599997
8.699997
8.799997
8.899998
8.999998
9.099998
9.199999
9.299999
9.4
9.5
9.6
9.700001
9.800001
9.900002
10.0000019
10.1000023
10.2000027
10.3000031
10.4000034
10.5000038
10.6000042
10.7000046
10.800005
10.9000053
11.0000057
11.1000061
11.2000065
11.3000069
11.4000072
11.5000076
11.600008
11.7000084
11.8000088
11.9000092
12.00001
12.10001
12.20001
12.3000107
12.4000111
12.5000114
12.6000118
12.7000122
12.8000126
12.900013
13.0000134
13.1000137
13.2000141
13.3000145
13.4000149
13.5000153
13.6000156
13.700016
13.8000164
13.9000168
14.0000172
14.1000175
14.2000179
14.3000183
14.4000187
14.5000191
14.6000195
14.70002
14.80002
14.9000206
15.000021
15.1000214
15.2000217
15.3000221
15.4000225
15.5000229
15.6000233
15.7000237
15.800024
15.9000244
16.0000248
16.1000252
16.2000256
16.3000259
16.4000263
16.5000267
16.6000271
16.7000275
16.8000278
16.9000282
17.0000286
17.100029
17.20003
17.30003
17.40003
17.50003
17.60003
17.7000313
17.8000317
17.900032
18.0000324
18.1000328
18.2000332
18.3000336
18.400034
18.5000343
18.6000347
18.7000351
18.8000355
18.9000359
19.0000362
19.1000366
19.200037
19.3000374
19.4000378
19.5000381
19.6000385
19.7000389
19.80004
19.90004
20.0000381
20.1000366
20.2000351
20.3000336
20.400032
20.50003
20.600029
20.7000275
20.8000259
20.9000244
21.0000229
21.1000214
21.20002
21.3000183
21.4000168
21.5000153
21.6000137
21.7000122
21.80001
21.90001
22.0000076
22.1000061
22.2000046
22.3000031
22.4000015
22.5
22.5999985
22.6999969
22.7999954
22.8999939
22.9999924
23.09999
23.19999
23.2999878
23.3999863
23.4999847
23.5999832
23.6999817
23.79998
23.8999786
23.9999771
24.0999756
24.1999741
24.2999725
24.399971
24.49997
24.599968
24.6999664
24.7999649
24.8999634
24.9999619
25.09996
25.1999588
25.2999573
25.3999557
25.4999542
25.5999527
25.6999512
25.79995
25.8999481
25.9999466
26.0999451
26.1999435
26.299942
26.39994
26.499939
26.5999374
26.6999359
26.7999344
26.8999329
26.9999313
27.09993
27.1999283
27.2999268
27.3999252
27.4999237
27.5999222
27.69992
27.79992
27.8999176
27.9999161
28.0999146
28.199913
28.2999115
28.39991
28.4999084
28.5999069
28.6999054
28.7999039
28.8999023
28.9999
29.0999
29.1998978
29.2998962
29.3998947
29.4998932
29.5998917
29.69989
29.7998886
29.8998871
29.9998856
30.099884
30.1998825
30.299881
30.39988
30.4998779
30.5998764
30.6998749
30.7998734
30.8998718
30.99987
31.0998688
31.1998672
31.2998657
31.3998642
31.4998627
31.5998611
31.69986
31.7998581
31.8998566
31.999855
32.0998535
32.199852
32.29985
32.39985
32.4998474
32.5998459
32.6998444
32.7998428
32.89984
32.99984
33.09984
33.1998367
33.2998352
33.3998337
33.4998322
33.59983
33.69983
33.7998276
33.899826
33.9998245
34.099823
34.19982
34.29982
34.39982
34.4998169
34.5998154
34.6998138
34.7998123
34.89981
34.99981
35.0998077
35.1998062
35.2998047
35.3998032
35.4998
35.5998
35.6998
35.7997971
35.8997955
35.999794
36.0997925
36.19979
36.29979
36.3997879
36.4997864
36.5997849
36.6997833
36.79978
36.89978
36.99978
37.0997772
37.1997757
37.2997742
37.3997726
37.49977
37.59977
37.6997681
37.7997665
37.899765
37.9997635
38.099762
38.19976
38.29976
38.3997574
38.4997559
38.5997543
38.6997528
38.79975
38.89975
38.99975
39.0997467
39.1997452
39.2997437
39.3997421
39.49974
39.59974
39.6997375
39.799736
39.8997345
39.999733
40.09973
40.19973
40.29973
40.3997269
40.4997253
40.5997238
40.6997223
40.79972
40.89972
40.9997177
41.0997162
41.1997147
41.2997131
41.39971
41.49971
41.59971
41.699707
41.7997055
41.899704
41.9997025
42.0997
42.1997
42.2996979
42.3996964
42.4996948
42.5996933
42.69969
42.79969
42.89969
42.9996872
43.0996857
43.1996841
43.2996826
43.39968
43.49968
43.599678
43.6996765
43.799675
43.8996735
43.9996719
44.09967
44.19967
44.2996674
44.3996658
44.4996643
44.5996628
44.69966
44.79966
44.89966
44.9996567
45.0996552
45.1996536
45.2996521
45.39965
45.49965
45.5996475
45.699646
45.7996445
45.8996429
45.99964
46.09964
46.19964
46.2996368
46.3996353
46.4996338
46.5996323
46.69963
46.79963
46.8996277
46.9996262
47.0996246
47.1996231
47.29962
47.39962
47.49962
47.599617
47.6996155
47.799614
47.8996124
47.99961
48.09961
48.1996078
48.2996063
48.3996048
48.4996033
48.5996
48.6996
48.7996
48.8995972
48.9995956
49.0995941
49.1995926
49.29959
49.39959
49.499588
49.5995865
49.699585
49.7995834
49.8995819
49.99958
50.09958
50.1995773
50.2995758
50.3995743
50.4995728
50.59957
50.69957
50.79957
50.8995667
50.9995651
51.0995636
51.1995621
51.29956
51.39956
51.4995575
51.599556
51.6995544
51.7995529
51.89955
51.99955
52.09955
52.1995468
52.2995453
52.3995438
52.4995422
52.59954
52.69954
52.7995377
52.8995361
52.9995346
53.0995331
53.19953
53.29953
53.39953
53.499527
53.5995255
53.6995239
53.7995224
53.89952
53.99952
54.0995178
54.1995163
54.2995148
54.3995132
54.49951
54.59951
54.69951
54.7995071
54.8995056
54.9995041
55.0995026
55.1995
55.2995
55.399498
55.4994965
55.5994949
55.6994934
55.79949
55.89949
55.99949
56.0994873
56.1994858
56.2994843
56.3994827
56.49948
56.59948
56.69948
56.7994766
56.8994751
56.9994736
57.099472
57.19947
57.29947
57.3994675
57.4994659
57.5994644
57.6994629
57.79946
57.89946
57.99946
58.0994568
58.1994553
58.2994537
58.3994522
58.49945
58.59945
58.6994476
58.7994461
58.8994446
58.9994431
59.09944
59.19944
59.29944
59.399437
59.4994354
59.5994339
59.6994324
59.79943
59.89943
59.9994278
60.0994263
60.1994247
60.2994232
60.39942
60.49942
60.59942
60.6994171
60.7994156
60.8994141
60.9994125
61.09941
61.19941
61.299408
61.3994064
61.4994049
61.5994034
61.6994
61.7994
61.8994
61.9993973
62.0993958
62.1993942
62.2993927
62.39939
62.49939
62.59939
62.6993866
62.7993851
62.8993835
62.999382
63.09938
63.19938
63.2993774
63.3993759
63.4993744
63.5993729
63.69937
63.79937
63.89937
63.9993668
64.0993652
64.19936
64.29936
64.39936
64.49936
64.59936
64.6993561
64.7993546
64.89935
64.99935
65.09935
65.19935
65.29935
65.3993454
65.4993439
65.59934
65.69934
65.79934
65.89934
65.99934
66.0993347
66.19933
66.29933
66.39933
66.49933
66.59933